3.066746
3.327729
3.49485
5.102555
3.22095
3.002467
3.334008
4.23178
3.275927
3.14391
3.039425
3.076197
3.50281
3.077692
3.175562
3.067017
3.069772
3.113116
3.224578
3.018655
3.546001
3.820686
3.102005
3.433917
5.397735
3.107216
3.159725
3.112188
3.106393
4.046483
3.080784
3.281747
3.547798
3.03217
3.169401
3.150795
3.20075
4.053627
3.301054
3.787286
3.365093
3.842049
3.473558
4.388283
3.441153
4.324727
3.924326
4.8949
3.473507
3.469486
4.22275
3.667946
5.969449
4.197818
3.930636
6.395852
3.13726
5.364364
3.888467
3.360679
3.909499
3.183747
3.818392
3.016439
3.02937
8.399403
3.448489
3.973087
7.400581
3.305644
3.20697
3.212347
4.590562
3.180357
3.346235
3.287185
3.448553
4.345699
3.279521
3.255361
3.444716
3.367866
3.930326
3.627
3.82043
3.18351
6.71916
4.768893
3.02621
4.048217
3.20974
3.827944
4.129587
3.358252
3.13657
3.045911
4.071612
3.411158
3.014883
4.503712
6.028187
3.575537
3.221354
3.303106
3.16389
3.051716
3.339782
3.842545
5.613
3.454201
3.34587
3.290884
3.778143
3.139956
3.720322
3.290055
4.097866
8.697265
3.980391
4.192997
3.071524
3.225452
3.512269
4.167476
3.4719
3.021799
3.685158
3.137979
3.932048
3.215857
3.792614
3.792934
3.133091
3.62777
4.055539
3.994694
3.604327
3.517857
3.051014
4.297852
3.232671
5.188246
4.936462
4.522989
3.510578
3.450335
3.189182
3.348074
3.153175
3.205825
5.020756
3.308512
4.348385
3.032702
3.006531
3.075972
5.106359
3.064527
3.269896
3.005575
3.734995
3.126606
3.708735
3.72454
6.007835
3.263407
3.836718
3.2084
3.426255
3.497608
9.944129
4.725052
3.032143
3.155715
4.250931
3.06154
3.163918
3.15382
6.05846
3.609701
5.982867
4.518171
3.054507
3.11099
3.04589
4.163327
4.050916
3.035318
3.83373
3.292713
4.922712
3.014441
3.56579
3.047205
3.013832
3.352893
3.984256
3.049071
3.595046
3.961087
